GC,GL1,GL2,GLinf,GMaxE,GMinE,LMaxL1,LMaxL2,LMaxLm,LMinL1,LMinL2,LMinLm,H12T,H1T,H12S,H1S
-0.0029010468536175664,0.0,0.0,0.0,0.0,0.0,0.0,0.0,0.0,0.0,0.0,0.0,0.0,0.0,0.0,0.0
-4.3049842384878534e-16,0.003075107120523236,0.0029554855598395366,0.0022048378864307984,0.0,0.0,0.003078319143531015,0.0030038366688642792,0.0012216504245247555,-9.596234253076777e-05,0.0003339438892760692,-0.000597677404573553,0.022016351246126026,0.02221383841408808,0.001956921637979224,0.0019582164509654686
-4.8114529724276e-16,0.0030572670798526226,0.002918772980661586,0.0026972776319183146,0.0013428108996203015,-0.0006185552345300662,0.0030294629145489046,0.0029410697735951763,0.0014945000647772376,-8.275633794849035e-05,0.00029509473381496987,-0.0005427717856766171,0.02415184009630813,0.024327569047282078,0.012239876398777185,0.01225516966713118
-8.863202843945581e-16,0.0031042762691787787,0.0029914756464556134,0.003801945869992149,0.0011144687741941038,-0.000480790258948869,0.0030080318768279856,0.0029758310139933407,0.0021065715600591516,-0.00010210299670963757,0.00034013347088300414,-0.00087318990261855,0.030021447441820892,0.03017012152851478,0.022408474463500205,0.02244060503995078
-1.1775398064099128e-15,0.003229201992367778,0.003171245417190995,0.004789718530064914,0.0007896732920892257,-0.00028615887065002094,0.0030281046569512497,0.0031064487285796514,0.0026538738796257266,-0.00015818489976141174,0.0004773770339764588,-0.0014037525307962707,0.03737404054078253,0.03750834179006199,0.032047656363054705,0.03209717414527985
-8.356734110005833e-16,0.0034439024015979897,0.003438843108858424,0.005706033326964341,0.0004411166447567324,-7.869762088992898e-05,0.0030979973338756735,0.0033096537172598727,0.0031615830257356098,-0.0002546484211298548,0.0006843295689126467,-0.0018961245768304668,0.04531817344962272,0.04544845967398051,0.04134155934539384,0.041408796662689894
-7.850265376066085e-16,0.0037285658598130607,0.0037753433270823816,0.0066021985751715815,6.944154522174128e-05,0.0,0.0032061492561791445,0.003564295537506781,0.0036581277661241994,-0.00038300541896993596,0.0009389854201956895,-0.0023555148116058584,0.05360510275456036,0.05373788476079348,0.05047410566331359,0.05055923992894378
-7.723648192581149e-16,0.004068616169523246,0.004160133759236788,0.007458962748167865,0.0,0.0,0.0033448188129953844,0.00385241277879763,0.004132841268690531,-0.000536593532010937,0.0012197889043588836,-0.002791250813299869,0.061842106148464845,0.06198187481653596,0.05930594218107386,0.0594091926130052
-8.356734110005833e-16,0.004454202217540712,0.004581193481697902,0.008283093938107864,0.0,0.0,0.0035083517739903872,0.0041630321313573145,0.004589473579052407,-0.0007110121307299334,0.0015214636402796555,-0.0032179872292787083,0.0701142757137537,0.07026378151352959,0.0679930984892457,0.06811456597438316
-8.356734110005833e-16,0.004872829408595419,0.005028522724546192,0.009083201288016514,0.0,0.0,0.0036898692051678004,0.004488481053907795,0.00503279482715722,-0.0009006595630538065,0.001837737295678246,-0.0036273358061085217,0.07837643610710807,0.078537581944206,0.0765543063662756,0.07669406874342978
-3.2920467706083586e-16,0.0053152690485586945,0.005494964561545729,0.00991408539457596,0.0,0.0,0.0038844118615229454,0.004823839370624367,0.005493168774718683,-0.0011012431373187506,0.0021641466035274004,-0.004024729790643601,0.08660981575005164,0.08678395485221065,0.08500608594069703,0.08516420077706553
-2.5323436696987372e-17,0.005774680950343138,0.005975406193590869,0.010720101987510798,0.0,0.0,0.004088286149702428,0.005165928865104259,0.005939764199712413,-0.0013096502633728156,0.0024975473337529243,-0.004437084141981202,0.0948052204725796,0.09499334349328291,0.09336142530783662,0.09353793430841503
-1.8992577522740529e-16,0.006247053040677205,0.006466170669212791,0.011503710103025085,0.0,0.0,0.0042992772749907305,0.005512594203079875,0.0063739435980575436,-0.0015240606919266879,0.00283583913269234,-0.004835067823138294,0.10295820980053805,0.10316106013634697,0.10163056519005717,0.10182549761696816
-1.3927890183343055e-16,0.006729154464380494,0.006964584053088361,0.01226698180239239,0.0,0.0,0.0045156618558444255,0.005862360280365529,0.006796855051683396,-0.0017429273014371199,0.003177577240542084,-0.005220058534180518,0.11106687776704784,0.11128502490430991,0.10982171471727493,0.1100350899444065
-2.2791093027288633e-16,0.00721842084344347,0.007468676393165325,0.013011682306635417,0.0,0.0,0.004736000508222296,0.006214211513972186,0.00720947662932919,-0.0019651707487905435,0.0035217254793288343,-0.005593223916696832,0.11913071355299575,0.11936460127990942,0.11794156562082772,0.11817339506351296
-4.558218605457727e-16,0.007712881240580084,0.007976976163127201,0.01373932989900975,0.0,0.0,0.0049591999594736265,0.0065674144042534854,0.007612649577145106,-0.0021898968512547366,0.0038675269185740923,-0.005964850169040284,0.1271499728066137,0.12739995185803527,0.1259956488888463,0.12624593747235466
-3.1654295871234217e-16,0.00821123508745375,0.008488369485761694,0.014451241617993561,0.0,0.0,0.005184538846850676,0.006921437281721737,0.008007103636136539,-0.0024164885865570166,0.004214427348230914,-0.0063566076627339495,0.13512533777499933,0.13539168853860442,0.13398860416776393,0.13425735146363676
-1.5194062018192424e-16,0.008712436619030723,0.009002002463973669,0.015148568639965552,0.0,0.0,0.005411489185829043,0.00727588245910601,0.00839347664689957,-0.00264443813491518,0.004562006817704922,-0.006740076391103111,0.14305771780403295,0.1433406664964961,0.14192436922527962,0.1422115703482131
-2.658960853183674e-16,0.009215817441932974,0.009517212634998553,0.015832324057361635,0.0,0.0,0.005639723550581061,0.007630461789493508,0.00877232994086452,-0.002873432665153393,0.004909952057161745,-0.007115743298082806,0.15094813242634467,0.15124786285875602,0.14980632497639523,0.15011197128677792
-5.317921706367348e-16,0.00972074136748845,0.010033480570656424,0.016503404965831463,0.0,0.0,0.005868873737122429,0.00798495207822272,0.009144160578286015,-0.003103193569230446,0.005258024700311183,-0.007484050008135809,0.15879764539477328,0.15911430770136892,0.15763740219331485,0.1579614818714369
-6.330859174246843e-17,0.010226697500296929,0.010550394838076764,0.017162610227753224,0.0,0.0,0.006098691668254169,0.008339181848409257,0.009509411190601702,-0.0033334519103230963,0.005606032642550869,-0.007845398285004954,0.16660731501036918,0.16694103224253679,0.1654201595291914,0.16576265804522813
-3.4186639540932955e-16,0.010733352461592576,0.01106762672401041,0.01781065489281155,0.0,0.0,0.006328991078552,0.008693015841434873,0.00986847797054582,-0.003564046776740416,0.0059538275607137325,-0.008200154724076958,0.17437818161754146,0.17472905478351988,0.1731568550711943,0.17351775556589039
-2.0258749357589898e-16,0.011240364047798608,0.01158491155318222,0.018454922037707905,0.0,0.0,0.0065595826330139585,0.009046350936987002,0.010225451712658033,-0.0037948389847552604,0.00630128714642038,-0.008548654768432517,0.18211125040381082,0.18247936239294166,0.18084949389535224,0.18122877750198724
-2.2791093027288633e-16,0.011747415173527948,0.012102035131212123,0.019135021926459814,0.0,0.0,0.006790304525669549,0.009399102089940261,0.010602279561510896,-0.00402567674979294,0.006648316117876839,-0.008891206173432994,0.1898074898865097,0.19019290857267673,0.1884998736682109,0.18889751979605632
-5.0646873393974744e-17,0.012254363519385735,0.012618820866561029,0.01980622044093862,0.0,0.0,0.007021076007774607,0.00975120681193309,0.010974175361741719,-0.004256488081528986,0.006994838267220353,-0.009228092240088671,0.19746780457058433,0.19787058518635062,0.19610959219384738,0.19652557869111734
0.0,0.012761075890302823,0.013135124702350294,0.020468913549034722,0.0,0.0,0.007251818815399097,0.010102608881837208,0.011341358510134448,-0.004487220322887097,0.007340791764214317,-0.00955957417591324,0.2050930651296416,0.20551325228611828,0.20368010509547999,0.20411440847867604
-1.0129374678794949e-16,0.013267376553745219,0.013650827796337289,0.02112346450166687,0.0,0.0,0.007482450696372386,0.010453263180359162,0.011704030275744662,-0.004717769859881313,0.007686124828023455,-0.009885893477667365,0.2126841040188059,0.21312173329298797,0.21121273963183398,0.2116653352402009
-3.5452811375782324e-16,0.01377318320266222,0.014165831389070469,0.02177020886602467,0.0,0.0,0.007712912124523761,0.010803133126759505,0.012062376588704527,-0.004948112818010313,0.008030804603435445,-0.010207273930404938,0.22024169351802578,0.22069679277830836,0.21870869543406987,0.2191795575801888
-5.0646873393974744e-17,0.014278366483932917,0.014680053291587112,0.022409459739976823,0.0,0.0,0.00794314153674081,0.01115220467266778,0.012416570929407579,-0.005178188606101965,0.008374795081218526,-0.010523923353775368,0.2277665704324556,0.22823916090628837,0.2261690755940974,0.22665817767347418
-6.330859174246843e-17,0.014782897229531017,0.015193425066032188,0.02304150904682601,0.0,0.0,0.00817311110739085,0.011500452847553959,0.01276677504590289,-0.005407985883351643,0.008718070317891187,-0.010836035148423096,0.23525943699031351,0.2357495341633498,0.2335948967758725,0.23410221137744502
-1.8992577522740529e-16,0.015286704976336624,0.01570588938817534,0.023666629098182523,0.0,0.0,0.008402791678256484,0.011847859566322195,0.01311313981984773,-0.005637475673860627,0.00906060867135913,-0.011143789640578383,0.24272095604476177,0.2432285704121882,0.24098709701461962,0.2415125960094527
-3.7985155045481057e-16,0.01578968915523717,0.016217398265945423,0.024285074270644837,0.0,0.0,0.008632141144938175,0.012194413481646793,0.013455806195518059,-0.0058666114608262486,0.009402392790180751,-0.011447355276739755,0.2501517573714943,0.25067689507125146,0.24834654614611384,0.24889020076667287
-3.038812403638485e-16,0.016291817347019018,0.01672791148108974,0.02489708260158145,0.0,0.0,0.008861133265728275,0.012540113025016121,0.013794906063994881,-0.0060953782514201645,0.009743409718843047,-0.011746889684618303,0.2575524380040785,0.2580951013567748,0.25567405226516643,0.25623583317831256
-3.038812403638485e-16,0.016793046582144484,0.01723739523742493,0.025502877228461247,0.0,0.0,0.00908974479355428,0.012884948544446736,0.014130563060664396,-0.0063237625187461954,0.010083654460167332,-0.012042540624232045,0.2649235631768862,0.2654837511429067,0.2629703667306461,0.26355024409932754
-3.038812403638485e-16,0.017293389742522324,0.017745821202420492,0.026102667696212487,0.0,0.0,0.00931798251483032,0.013228920607099019,0.01446289328959581,-0.006551762894890748,0.01042311789656138,-0.012334446826494039,0.2722656713296496,0.2728433798990422,0.27023619243154484,0.2708341359679674
-3.5452811375782324e-16,0.01779278431667692,0.018253165656229045,0.026696651110615765,0.0,0.0,0.009545809551789915,0.013572020842535218,0.014792005962610105,-0.006779341398268109,0.01076178604896195,-0.012622738750392947,0.27957927457218773,0.28017449710276,0.27747218769097287,0.2780881667055665
-2.532343669698737e-16,0.018291224891198395,0.018759408868270485,0.027285013172907276,0.0,0.0,0.009773219775138304,0.013914240929223198,0.015118003972530117,-0.007006498481062876,0.011099656866451296,-0.012907539258767768,0.2868648624777113,0.287477589988234,0.28467897211140136,0.28531295555752206
-5.824390440307096e-16,0.01878868190701988,0.019264534280663263,0.02786792910624214,0.0,0.0,0.010000198433419332,0.01425558106357484,0.015440984406512755,-0.007233213514149858,0.01143672356697939,-0.013188964224738154,0.2941228988412678,0.29475312026141726,0.29185712572158395,0.2925090822310163
-5.824390440307096e-16,0.019285144542533404,0.019768528273522528,0.028445564485576245,0.0,0.0,0.010226749676911336,0.014596047411489477,0.015761039005867616,-0.007459491503770156,0.011772989835942606,-0.013472052481276578,0.3013538284545865,0.30200153084767206,0.2990071977031992,0.29967709562271094
-8.103499743035959e-16,0.019780590842955133,0.02027137964311797,0.029018075981879887,0.0,0.0,0.010452852333589028,0.0149356362242538,0.016078254578408804,-0.007685327885878046,0.012108449995916058,-0.01376125147396644,0.30855807478503566,0.3092232435436946,0.30612970558646435,0.30681751300986576
-7.470413825611275e-16,0.02027495700322073,0.02077307938216419,0.029585612043183395,0.0,0.0,0.010678472383092743,0.01527434549978171,0.016392713375806785,-0.007910686692201583,0.012443105451556571,-0.01404744585873522,0.3157360449754213,0.316418663993986,0.31322514103473714,0.3139308258342119
-5.571156073337222e-16,0.020768261335811885,0.02127361986053732,0.03014831351328977,0.0,0.0,0.010903619987259673,0.015612174909435584,0.01670449343640297,-0.008135565327696498,0.012776945466807693,-0.014330720592660289,0.3228881212915202,0.3235881731045468,0.32029396292206047,0.32101749276069225
-6.204241990761906e-16,0.021260494021570504,0.021772995212237307,0.030706315237195116,0.0,0.0,0.011128295362831154,0.01594913032376646,0.017013669474736575,-0.008359966123109214,0.013109976236866784,-0.014611156569051152,0.3300146750250416,0.3307321409424792,0.3273366121626034,0.32807795452353444
-6.07762480727697e-16,0.021751638946657288,0.022271201285698258,0.03125974446001554,0.0,0.0,0.01135248411663296,0.01628521287042088,0.01732031199442651,-0.008583890582139776,0.013442196797622652,-0.014888830962991527,0.3371160666467671,0.337850926886542,0.3343535116481805,0.3351126338657348
-5.444538889852286e-16,0.022241720498068263,0.022768234913063432,0.031808720626992255,0.0,0.0,0.011576215624376428,0.016620434941824944,0.017624487177358778,-0.008807335997753725,0.013773606641791898,-0.015163817363197291,0.34419264002180217,0.3449448738077352,0.3413450632570306,0.34212193253080164
-6.837327908186591e-16,0.02273072889397063,0.023264093969113765,0.03235335835211166,0.0,0.0,0.01179947449323384,0.016954801662120204,0.017926258528531174,-0.009030305589238402,0.014104213206666757,-0.015436186039496832,0.35124472558738523,0.3520143112448148,0.3483116489882846,0.3491062324015825
-6.584093541216717e-16,0.02321863769516192,0.023758777087492657,0.032893767521783,0.0,0.0,0.012022246927650406,0.017288306836644722,0.01822568693349876,-0.009252787205496474,0.014434021784519415,-0.015706004208985824,0.3582726383461366,0.35905955338382906,0.3552536319324303,0.35606589646606934
-7.597031009096211e-16,0.02370549228931938,0.02425228356411059,0.03343005336042627,0.0,0.0,0.012244545862158507,0.01762095271443381,0.018522830694714568,-0.009474802862895131,0.014763027649201984,-0.015973336097519785,0.3652766820110218,0.36608090318815484,0.36217135918886123,0.36300127172857244
-7.470413825611275e-16,0.0241912609225593,0.024744613602570704,0.03396854035262004,0.0,0.0,0.012466351283300477,0.017952743847944326,0.01882119406494833,-0.00969633309959843,0.015091232630457849,-0.016238243159632376,0.3722571517241448,0.3730786551279951,0.36906516564927766,0.36991269300888235
-5.444538889852286e-16,0.024675923753785918,0.025235767931629526,0.0345091989831852,0.0,0.0,0.012687658708843015,0.018283689070410447,0.019120760690511947,-0.009917370699611806,0.015418639161123958,-0.016500784431836116,0.37921433139387956,0.3800530924984115,0.37593537231219093,0.3768004812419485
-8.736585660460644e-16,0.02515947933030132,0.02572574705337342,0.03504602989202557,0.0,0.0,0.012908468443692755,0.01861378434542457,0.0194182064627018,-0.010137913051049921,0.0157452443646782,-0.01676101643212577,0.3861484844389533,0.387004478134239,0.3827822767664823,0.38366493393951295
-7.090562275156465e-16,0.025641923266482756,0.026214553177430502,0.035579117050331864,0.0,0.0,0.013128781150320101,0.018943031253515194,0.019713577908040947,-0.010357955320256792,0.016071058876809007,-0.017018993536930115,0.39305988307371253,0.3939330837594285,0.38960618205529085,0.3905063541212886
-5.444538889852286e-16,0.02612328963632166,0.026702188524858235,0.036108541266933435,0.0,0.0,0.013348613309493393,0.019271442988512497,0.020006919800860105,-0.010577517285896001,0.01639608380616699,-0.017274767838174568,0.39994878496235936,0.4008391665804187,0.3964073744146002,0.397325027996487
-3.671898321063169e-16,0.026603569838760784,0.02718865579548555,0.036634380373999006,0.0,0.0,0.013567950244022632,0.019599019793546883,0.020298275266190154,-0.010796596640560412,0.01672031604508026,-0.01752838927880408,0.40681544213998555,0.4077229782186887,0.40318613258863034,0.40412123429577057
-4.8114529724276e-16,0.0270827355242045,0.027673957316485937,0.037156708932037985,0.0,0.0,0.013786780690778808,0.019925764088785828,0.02058768561631013,-0.011015180836682752,0.0170437606850863,-0.0177799060354231,0.4136600874950426,0.41458475116670784,0.40994271401526095,0.41089523042824666
-3.671898321063169e-16,0.02756082206762191,0.028158096026627083,0.037675598877004,0.0,0.0,0.014005125618354842,0.02025168763497001,0.020875190709292512,-0.011233280208319285,0.017366425315265683,-0.018029364359211073,0.420482952117112,0.4214247161628827,0.416677372546904,0.41764727023744147
-2.532343669698737e-16,0.02803782004050136,0.02864107511534558,0.03819111929390073,0.0,0.0,0.014222988788431678,0.02057679121119415,0.021160828823563384,-0.011450896322667308,0.017688314842788242,-0.018276808884900898,0.4272842623563211,0.42824309923354087,0.4233903555359782,0.42437760106589045
-2.1524921192439267e-16,0.028513696309233057,0.029122897996644356,0.03870333715519074,0.0,0.0,0.014440353349736822,0.020901080170831223,0.021444637067037947,-0.011668015205423163,0.018009432374276452,-0.018527699082918726,0.4340642344553704,0.4350401163353211,0.4300818989408065,0.43108645888492747
-4.558218605457727e-16,0.028988465900501133,0.029603568117621888,0.03921725668469309,0.0,0.0,0.014657223018346682,0.021224556798464484,0.021729388166087885,-0.011884638348698523,0.01832977853853999,-0.018782243576685842,0.44082307740954996,0.44181597619610896,0.4367522299516179,0.4377740708935272
-6.45747635773178e-16,0.02946215327874839,0.030083089338670772,0.03973562382492922,0.0,0.0,0.014873603051606465,0.021547226941063174,0.022016603584884175,-0.012100780633957168,0.018649353562999255,-0.01903493706053467,0.44756099906950486,0.44857088642961646,0.4434015732716104,0.44444066181510794
-1.0889077779704571e-15,0.029934766560229586,0.03056146556405531,0.04025094300293766,0.0,0.0,0.015089501569598209,0.02186909579662564,0.02230213019727329,-0.012316440856542363,0.018968163342416692,-0.01928581483488645,0.4542782009679144,0.45530504834898083,0.45003014596019664,0.451086448728577
-1.1395546513644319e-15,0.0304063066048862,0.031038700571781715,0.040763269755317404,0.0,0.0,0.015304917693727809,0.022190168915913966,0.022585998774819045,-0.012531622170602151,0.019286210650664035,-0.019534910595868316,0.4609748737787929,0.4620186524249414,0.45663815341917907,0.457711637056905
-1.0129374678794949e-15,0.03087676765067225,0.031514798383962005,0.04127265776181236,0.0,0.0,0.015519851580111271,0.02251045407952842,0.022868239060244183,-0.01274633071159196,0.019603500175348825,-0.019782257525380362,0.467651205126041,0.46871188610170783,0.4632257972747478,0.4643164284566785
-1.215524961455394e-15,0.03134615221449603,0.03198976303103528,0.041779159488023396,0.0,0.0,0.01573430406481887,0.022829950070557745,0.023148880123542444,-0.012960560650697077,0.019920034257201884,-0.020027888008771446,0.4743073764203325,0.4753849306251943,0.46979327153244077,0.4709010169646922
-1.2661718348493687e-15,0.03181446898378526,0.03246359884597738,0.042282826953354634,0.0,0.0,0.015948276575122693,0.023148665070385,0.023427950787480136,-0.013174312700887873,0.020235818569728163,-0.02027183331590956,0.4809435688072995,0.48203796699755314,0.4763407691729137,0.47746559560290225
-1.291495271546356e-15,0.03228170602043478,0.03293631009252639,0.0427837070773955,0.0,0.0,0.016161768367735533,0.023466606359418735,0.02370547704913245,-0.013387576582158195,0.02055084755765413,-0.020514123624162602,0.48755995625876747,0.48867116905907426,0.482868475404788,0.48401034962147654
-1.4054507366827991e-15,0.03274787215040154,0.033407900996551165,0.043281845638110716,0.0,0.0,0.016374774786103736,0.02378377132331018,0.02398148427302637,-0.013600357982579525,0.020865131776034974,-0.020754788156917045,0.49415670732385697,0.49528470523745366,0.4893765691660375,0.4905354579989707
-1.4307741733797866e-15,0.03321296373575839,0.033878375915382335,0.04377728792841603,0.0,0.0,0.01658729930759091,0.024100170130517896,0.02425599755493427,-0.013812655053112608,0.021178675044702312,-0.020993855182832633,0.5007339879630751,0.5018787413868703,0.49586522614793827,0.4970410964734819
-1.3421421449403307e-15,0.03367698838034739,0.03434773931490716,0.04427007840798782,0.0,0.0,0.016799345545338462,0.024415806041434705,0.024529041528949604,-0.014024475202025533,0.021491479999706735,-0.021231352030462863,0.5072919604845886,0.5084534397251554,0.502334617920842,0.5035274366705257
-1.4434358917282802e-15,0.03413995510023931,0.03481599548257925,0.04476026011564966,0.0,0.0,0.017010917308402634,0.02473068119195413,0.024800640041903656,-0.014235822446287466,0.021803548078081107,-0.02146730534500477,0.5138307803803547,0.5150089556577898,0.5087849085631875,0.5099946427163401
-1.1142312146674444e-15,0.03460187913038191,0.03528314922680059,0.04524787500840689,0.0,0.0,0.017222024105880807,0.025044798577585743,0.025070816341216884,-0.01444670728107116,0.02211488435599022,-0.02170174090873784,0.5203506071625844,0.521545448636867,0.5152162661033848,0.5164428827097702
-1.0762460596219633e-15,0.03506273739900764,0.03574920481304046,0.04573296384408746,0.0,0.0,0.01743265331088902,0.02535816227753186,0.025339593009872874,-0.014657124214843213,0.022425495675451226,-0.021934683745892622,0.5268515877275768,0.5280630654910768,0.5216288439391754,0.5228723100974373
-9.74952312834014e-16,0.03552254945343714,0.03621416624395817,0.04621556631602758,0.0,0.0,0.017642806793620597,0.025670772541191957,0.02560699204104461,-0.014867078580553772,0.02273538792943588,-0.02216615828741916,0.5333338634871666,0.5345619475597685,0.5280227905924033,0.5292830734437708
-9.876140311825076e-16,0.035981325835529446,0.03667803808210944,0.04669572085132454,0.0,0.0,0.017852491770082954,0.025982635723990323,0.02587303472631096,-0.01507656970694304,0.02304456276760298,-0.022396188196495366,0.539797581262372,0.541042241617288,0.5343982599100268,0.5356753266588588
-7.597031009096211e-16,0.03643907049251461,0.03714082472619784,0.0471734641295558,0.0,0.0,0.01806171169835972,0.026293755826873943,0.026137741388989846,-0.0152856000517026,0.023353021664831414,-0.022624796475234486,0.5462428782285517,0.5475040848037159,0.5407553956856315,0.5420492136015748
-5.824390440307096e-16,0.036895773052392035,0.03760253055494789,0.04764883211522935,0.0,0.0,0.018270463410117534,0.02660413395672109,0.02640113195619552,-0.015494165140393921,0.023660762617114556,-0.022852005492066816,0.5526698906942007,0.5539476133932482,0.5470943400705666,0.5484048764858079
-7.470413825611275e-16,0.03735142678491432,0.03806315989050536,0.048121859892546304,0.0,0.0,0.01847874450031408,0.02691377426763699,0.026663225867284247,-0.015702264142332327,0.023967788938058808,-0.02307783700610942,0.5590787517626563,0.5603729604587823,0.5534152315660642,0.5547424538740612
-7.850265376066085e-16,0.0378060490775127,0.03852271721018062,0.048592581699757526,0.0,0.0,0.0186865596034636,0.02722268521659087,0.026924042092890548,-0.015909907763909808,0.024274107953908164,-0.023302312190767168,0.5654695934708767,0.566780258020138,0.5597182075533801,0.5610620832179671
-4.8114529724276e-16,0.03825964307318423,0.03898120695352632,0.049061030914787834,0.0,0.0,0.018893910854073354,0.027530866199753656,0.02718359912696187,-0.016117098592504413,0.02457972053581603,-0.023525451657468322,0.571842545050079,0.5731696352956125,0.5660034020353933,0.5673638985899159
-6.963945091671527e-16,0.03871221395270261,0.0394386334602917,0.04952724005480231,0.0,0.0,0.019100803809341954,0.027838322335904376,0.027441914986518323,-0.016323833053859958,0.024884630107347785,-0.023747275476417862,0.5781977317851704,0.5795412175598307,0.5722709450053978,0.5736480300514
-7.343796642126338e-16,0.03916377579062818,0.03989500111824524,0.04999124078282474,0.0,0.0,0.01930724222344181,0.0281450572676021,0.027699007215319787,-0.01653011982117714,0.025188844903710643,-0.023967803194791318,0.5845352771251494,0.5858951282593157,0.5785209642499868,0.5799146054611727
-1.0635843412734696e-15,0.039614341908675806,0.040350314176427676,0.05045306426991988,0.0,0.0,0.019513232792120087,0.02845107363723062,0.027954893084542846,-0.016735957635122298,0.025492361568037334,-0.02418705383997444,0.5908552991277762,0.5922314854526989,0.5847535818760451,0.5861637469987355
-1.1015694963189507e-15,0.040063892358452466,0.040804577032821907,0.0509130516115348,0.0,0.0,0.019718764372720615,0.02875637112942123,0.02820976158740115,-0.016941341564393954,0.02579518298553475,-0.0244050459611135,0.5971579188811124,0.5985504102322949,0.5909689227169056,0.5923955795678889
-1.1902015247584064e-15,0.040512430682473004,0.041257794008081654,0.05138995487670606,0.0,0.0,0.01992384225579404,0.02906095400601731,0.02847400281798742,-0.017146271761550206,0.026097309101949986,-0.024621797669478137,0.6034432535256055,0.6048520197469638,0.597167107408383,0.5986102238779596
-9.369671577885328e-16,0.04095997371866618,0.04170996935775821,0.05186480594852806,0.0,0.0,0.02012848000280656,0.029364831848775013,0.02873710697500844,-0.01735075786483322,0.026398751790978996,-0.024837326598984997,0.609711417207063,0.6111364281537064,0.6033482537057085,0.6048077977564996
-1.253510116500875e-15,0.041406507816338534,0.04216110732716506,0.05233762998404532,0.0,0.0,0.02033266544288062,0.029668005173882534,0.028999087997409245,-0.017554793498522014,0.026699515596189508,-0.025051649938043728,0.6159625208146361,0.6174037463600084,0.609512475465231,0.6109884151372074
-1.329480426591837e-15,0.04185201169942505,0.04261121214687046,0.05280845217542417,0.0,0.0,0.0205363870110329,0.029970477541984918,0.029259959843595064,-0.01775837221044793,0.026999599097184877,-0.025264784257090875,0.6221966717975526,0.6236540818407084,0.6156598839910526,0.6171521874054837
-1.4434358917282802e-15,0.04229651262453719,0.04306028855139396,0.05327729711757003,0.0,0.0,0.020739654798745594,0.030272254456746694,0.029519736141042485,-0.017961502435107593,0.027299003228070624,-0.025476745816156183,0.6284139878408082,0.6298875523171708,0.621790599356864,0.6232992347245412
-1.5194062018192423e-15,0.042740052181290455,0.04350834095938275,0.05374418907691409,0.0,0.0,0.02094249151776976,0.030573343563199223,0.02977843033522798,-0.018164206011120437,0.02759773771107287,-0.025687550715271307,0.6346145774185791,0.6361042663001086,0.6279047324830629,0.6294296681033019
-1.4687593284252675e-15,0.0431826208511722,0.04395537268261768,0.05420915136850168,0.0,0.0,0.02114489142817582,0.030873745036910677,0.03003605534448682,-0.01836647756707633,0.02789579556361537,-0.02589721485885861,0.640798534483196,0.6423043177369117,0.6340023797937681,0.6355435840082478
-1.1902015247584064e-15,0.0436242119504276,0.044401387952952655,0.05467220701311919,0.0,0.0,0.021346850224558976,0.03117345571517078,0.030292623924112104,-0.018568315166761072,0.028193178245178457,-0.026105753567636725,0.6469659628199117,0.6484878104480022,0.6400836476022735,0.6416410888349031
-7.723648192581149e-16,0.044065956420297044,0.04484727320090432,0.055133555779896044,0.0,0.0,0.021548907943303396,0.031472966136561024,0.030548246761625698,-0.01877023115644451,0.028490613378074348,-0.026313083509871497,0.6531333455031605,0.6546712494998597,0.6461642716844406,0.6477379404849234
-1.3927890183343055e-15,0.044505529276415934,0.0452912603134302,0.05559286498585298,0.0,0.0,0.021749958670763077,0.03177132224336202,0.030802739524970653,-0.018971181610943456,0.028786659548772468,-0.026519415803239424,0.6592674858716714,0.6608213950745945,0.6522127464422853,0.653802589671884
-1.0889077779704571e-15,0.04494525906835327,0.04573512581493477,0.056050512323359294,0.0,0.0,0.021951112170168006,0.03206948698131191,0.031056311484881166,-0.019172208504850415,0.02908276157826888,-0.026724568126842693,0.6654027350586206,0.6669726392865006,0.6582614746421778,0.659867481304966
-1.1395546513644319e-15,0.04538289448730279,0.0461771019001094,0.05650616478160705,0.0,0.0,0.022151302144346574,0.03236649829243168,0.031308778127657894,-0.019372286217069094,0.029377468733681904,-0.026928750547038444,0.671504294843585,0.6730901445818928,0.6642776894682372,0.665899808014426
-1.3548038632888244e-15,0.045819590449520366,0.04661808373031347,0.05696001853785225,0.0,0.0,0.02235107309646007,0.032662831970863865,0.0315602481506475,-0.01957193803974519,0.029671513146846674,-0.02713187846865596,0.6775901546833348,0.6791919194561079,0.6702782365515767,0.6719164354007147
-1.329480426591837e-15,0.046255332985005414,0.047058074310166266,0.057412092523059434,0.0,0.0,0.022550416275604404,0.03295849784696404,0.03181073204306599,-0.019771161985550463,0.02996490038305699,-0.027333965162291033,0.683660195375018,0.6852778451825136,0.6762630810990425,0.6779173290037563
-1.2408483981523812e-15,0.04669011016795418,0.04749707711526915,0.057862406021252706,0.0,0.0,0.022749328501464685,0.03325350038820153,0.03206024048975165,-0.01996995266973575,0.030257632614392085,-0.027535023662865317,0.6897144356075794,0.6913479406347975,0.6822322688310294,0.6839025347124353
-1.2788335531978623e-15,0.04712392820167532,0.0479350961322692,0.05831097847872502,0.0,0.0,0.02294781079231688,0.03354783804565487,0.032308784265452216,-0.020168318855113644,0.030549714927611132,-0.027735066592314426,0.6957529314513239,0.6974022620154887,0.6881858674882448,0.6898721204101901
-1.215524961455394e-15,0.0475567967102398,0.04837213475858501,0.0587578286654981,0.0,0.0,0.023145863169248958,0.03384151323475571,0.03255637377020895,-0.020366264686420166,0.030841155011550457,-0.027934106494737192,0.701775755006386,0.7034408814789526,0.6941239554401026,0.6958261645428516
-1.418112455031293e-15,0.04798871667656627,0.04880819671234499,0.059202975157696215,0.0,0.0,0.023343483819110708,0.034134530519967045,0.032803019296628974,-0.020563785578027773,0.03113194892168482,-0.02813215553993577,0.707782985890227,0.7094638787013728,0.7000466161074953,0.7017647506154909
-1.329480426591837e-15,0.04841970270189405,0.049243285790181966,0.0596464361982422,0.0,0.0,0.023540682668731983,0.03442688681862448,0.03304873095270007,-0.02076088600466113,0.03142210107191502,-0.028332858353300218,0.7137747056150662,0.715471335254801,0.7059539335335724,0.7076879627578425
